(1,-0.05144910756999999)
(1,-0.90276579396)
(1,-0.356323287104)
(1,-0.057108262081)
(1,-0.021032889696)
(1,-0.27118103915700004)
(1,0.11271481744500002)
(1,0.12086251389800001)
(1,-0.8827475325690002)
(1,0.153260300799)
(2,-0.25625543908799997)
(2,1.37854884144)
(2,-0.131100152146)
(2,-0.067708371495)
(2,-0.064795937752)
(2,0.18268639111799997)
(2,-0.015447820422)
(2,0.6805604455580001)
(2,2.275734356115)
(2,0.554831611756)
(3,0.20055950596599997)
(3,0.310458030264)
(3,-0.071736993236)
(3,0.005278864964)
(3,-0.23899166691399998)
(3,0.34546033947599997)
(3,-0.11477563441900002)
(3,-0.10479961259600001)
(3,-0.265158223131)
(3,-0.051354263557000006)
(4,0.16895154106399998)
(4,0.07991378193599999)
(4,-0.182743047186)
(4,0.761268659193)
(4,0.15292417503999997)
(4,1.269203215392)
(4,0.019603604889000002)
(4,-0.338275801948)
(4,-0.6901642565010001)
(4,1.877417786614)
(5,0.04498782739599999)
(5,-1.25004036228)
(5,-0.13702972718)
(5,0.146006376576)
(5,0.472836950404)
(5,-0.06764067815399999)
(5,0.050798009525)
(5,-0.039428264792)
(5,-2.8348563295980003)
(5,-1.335318432646)
(6,0.07623222288999999)
