(6,0.611349365784)
(6,0.044810045168)
(6,0.294371004887)
(6,-0.086622436992)
(6,-0.316927616733)
(6,-0.038053760024)
(6,0.10437299542600001)
(6,-0.07691877768600001)
(6,-1.046215641114)
(7,0.0028501031099999997)
(7,-0.3929418594)
(7,1.121626264028)
(7,0.313869854013)
(7,-0.078138106774)
(7,-0.269113103217)
(7,-0.07387247152800001)
(7,-0.101570239596)
(7,1.4643445209780002)
(7,-0.9450401313369999)
(8,0.037045211175999994)
(8,-0.09964317760800001)
(8,-0.604704834546)
(8,-0.171415021216)
(8,0.11780024237799999)
(8,0.512482458222)
(8,-0.057552570389)
(8,0.080829166586)
(8,1.020777127014)
(8,-0.051754054707)
(9,0.113178469038)
(9,2.728281334608)
(9,4.29035722E-4)
(9,-0.39994259007899996)
(9,-0.27038890041799996)
(9,-1.294922312712)
(9,0.13155092314400002)
(9,0.045752736862)
(9,-0.42511459521)
(9,0.576447228897)
(10,-0.297128892616)
(10,-2.254588592184)
(10,-0.33405704687000004)
(10,-0.271949637836)
(10,0.185856063302)
(10,0.7294555011239999)
(10,-0.12499672145800002)
(10,0.071298776962)
(10,0.420990602313)
(10,-0.203346862964)
